0
2
4
6
8
10
12
14
16
18
20
22
24
26
28
30
32
34
36
38
40
42
0
3
6
9
12
15
18
21
24
27
30
33
36
39
42
45
48
44
46
48
50
52
54
51
54
57
60
56
58
60
62
64
63
66
66
69
72
68
70
75
72
74
78
76
78
80
82
84
81
84
87
90
86
88
90
92
94
96
93
96
99
102
98
100
102
104
106
108
105
108
111
114
117
110
120
112
114
116
118
120
122
124
126
123
126
129
132
128
130
132
134
136
138
135
138
141
144
140
142
144
146
148
150
147
150
153
156
152
154
156
159
158
162
160
162
164
166
168
165
168
171
174
170
172
174
176
178
180
177
180
183
186
182
184
186
188
190
192
189
192
195
198
194
196
198
200
202
204
201
204
207
210
206
208
210
213
212
216
214
216
218
220
222
219
222
225
228
224
226
228
230
232
234
231
234
237
240
236
238
240
242
244
246
243
246
249
252
248
250
252
254
256
258
255
258
261
264
267
260
270
262
264
266
268
270
272
274
276
273
276
279
282
278
280
282
284
286
288
285
288
291
294
290
292
294
296
298
297
300
300
303
306
309
302
312
304
306
308
310
312
314
316
318
315
318
321
324
320
322
324
326
328
330
327
330
333
336
332
334
336
338
340
342
339
342
345
348
351
344
346
354
348
350
352
354
356
358
360
357
360
363
366
362
364
366
368
370
372
369
372
375
378
374
376
378
380
382
384
381
384
387
390
386
388
393
390
392
396
394
396
398
400
402
399
402
405
408
404
406
408
410
412
414
411
414
417
420
416
418
420
422
424
426
423
426
429
432
428
430
435
432
438
434
436
438
440
442
444
441
444
447
450
446
448
450
452
454
456
453
456
459
462
458
460
462
464
466
468
465
468
471
474
477
470
480
472
474
476
478
480
482
484
486
483
486
489
492
488
490
492
494
496
498
495
498
501
504
500
502
504
506
508
510
507
510
513
516
512
514
519
516
518
522
520
522
524
526
528
525
528
531
534
530
532
534
536
538
540
537
540
543
546
542
544
546
548
550
552
549
552
555
558
554
556
558
560
562
561
564
564
566
567
568
570
570
572
574
576
573
576
579
582
578
580
582
584
586
588
585
588
591
594
590
592
594
596
598
600
597
600
603
606
609
602
612
604
606
608
610
612
614
616
618
615
618
621
624
620
622
624
626
628
630
627
630
633
636
632
634
636
638
640
642
639
642
645
648
651
644
646
654
648
650
652
654
656
658
660
657
660
663
666
662
664
666
668
670
672
669
672
675
678
674
676
678
680
682
681
684
684
687
690
693
686
696
688
690
692
694
696
698
700
702
699
702
705
708
704
706
708
710
712
714
711
714
717
720
716
718
720
722
724
726
723
726
729
732
728
735
730
738
732
734
736
738
740
742
744
741
744
747
750
746
748
750
752
754
756
753
756
759
762
758
760
762
764
766
765
768
768
770
771
772
774
774
777
776
778
780
780
782
784
786
783
786
789
792
788
790
792
794
796
798
795
798
801
804
800
802
804
806
808
810
807
810
813
816
819
812
822
814
816
818
820
822
824
826
828
825
828
831
834
830
832
837
834
840
836
838
840
842
844
846
843
846
849
852
848
850
852
854
856
858
855
858
861
864
860
862
864
866
868
870
867
870
873
876
872
874
876
878
879
880
882
882
884
886
888
885
888
891
894
890
892
894
896
898
900
897
900
903
906
902
904
906
908
910
912
909
912
915
918
914
916
921
918
920
922
924
924
926
928
930
927
930
933
936
932
934
936
938
940
942
939
942
945
948
944
946
948
950
952
954
951
954
957
960
956
958
960
962
964
966
963
966
969
972
968
975
970
978
972
974
976
978
980
982
984
981
984
987
990
986
988
990
992
994
996
993
996
999
1002
998
1000
1002
1004
1006
1008
1005
1008
1011
1014
1010
1012
1017
1014
1020
1016
1018
1020
1022
1024
1026
1023
1026
1029
1032
1028
1030
1032
1034
1036
1038
1035
1038
1041
1044
1040
1042
1044
1046
1048
1050
1047
1050
1053
1056
1052
1054
1056
1059
1058
1060
1062
1062
1064
1066
1068
1065
1068
1071
1074
1070
1072
1074
1076
1078
1080
1077
1080
1083
1086
1082
1084
1086
1088
1090
1092
1089
1092
1095
1098
1094
1096
1098
1100
1102
1104
1101
1104
1107
1110
1113
1106
1116
1108
1110
1112
1114
1116
1118
1120
1122
1119
1122
1125
1128
1124
1126
1128
1130
1132
1134
1131
1134
1137
1140
1136
1138
1140
1142
1144
1146
1143
1146
1149
1152
1148
1150
1155
1152
1158
1154
1156
1158
1160
1162
1164
1161
1164
1167
1170
1166
1168
1170
1172
1174
1176
1173
1176
1179
1182
1178
1180
1182
1184
1186
1188
1185
1188
1191
1194
1190
1192
1194
1197
1196
1198
1200
1200
1202
1204
1206
1203
1206
1209
1212
1208
1210
1212
1214
1216
1218
1215
1218
1221
1224
1220
1222
1224
1226
1228
1230
1227
1230
1233
1236
1232
1234
1236
1238
1240
1242
1239
1242
1245
1248
1244
1251
1246
1248
1254
1250
1252
1254
1256
1258
1260
1257
1260
1263
1266
1262
1264
1266
1268
1270
1272
1269
1272
1275
1278
1274
1276
1278
1280
1282
1284
1281
1284
1287
1290
1286
1288
1290
1293
1292
1294
1296
1296
1298
1300
1302
1299
1302
1305
1308
1304
1306
1308
1310
1312
1314
1311
1314
1317
1320
1316
1318
1320
1322
1324
1326
1323
1326
1329
1332
1328
1330
1332
1334
1336
1338
1335
1338
1341
1344
1347
1340
1350
1342
1344
1346
1348
1350
1352
1354
1356
1353
1356
1359
1362
1358
1360
1362
1364
1366
1368
1365
1368
1371
1374
1370
1372
1374
1376
1378
1377
1380
1380
1383
1386
1382
1384
1386
1389
1388
1392
1390
1392
1394
1396
1398
1395
1398
1401
1404
1400
1402
1404
1406
1408
1410
1407
1410
1413
1416
1412
1414
1416
1418
1420
1422
1419
1422
1425
1428
1424
1426
1431
1428
1430
1434
1432
1434
1436
1438
1440
1437
1440
1443
1446
1442
1444
1446
1448
1450
1452
1449
1452
1455
1458
1454
1456
1458
1460
1462
1464
1461
1464
1467
1470
1466
1468
1473
1470
1472
1474
1476
1476
1479
1482
1478
1480
1482
1484
1486
1488
1485
1488
1491
1494
1490
1492
1494
1496
1498
1500
1497
1500
1503
1506
1502
1504
1506
1508
1510
1509
1512
1512
1514
1516
1515
1518
1518
1521
1524
1520
1522
1524
1526
1527
1528
1530
1530
1533
1536
1532
1534
1536
1538
1540
1542
1539
1542
1545
1548
1544
1546
1548
1550
1552
1554
1551
1554
1557
1560
1556
1558
1560
1562
1564
1566
1563
1566
1569
1572
1575
1568
1578
1570
1572
1574
1576
1578
1580
1582
1584
1581
1584
1587
1590
1586
1588
1590
1592
1594
1596
1593
1596
1599
1602
1598
1600
1602
1604
1606
1608
1605
1608
1611
1614
1610
1612
1614
1616
1617
1618
1620
1620
1623
1622
1626
1624
1626
1628
1630
1632
1629
1632
1635
1638
1634
1636
1638
1640
1642
1644
1641
1644
1647
1650
1646
1648
1650
1652
1654
1656
1653
1656
1659
1662
1658
1660
1665
1662
1664
1668
1666
1668
1670
1672
1674
1671
1674
1677
1680
1676
1678
1680
1682
1684
1686
1683
1686
1689
1692
1688
1690
1692
1694
1696
1698
1695
1698
1701
1704
1700
1702
1704
1706
1708
1707
1710
1710
1713
1716
1712
1719
1714
1716
1722
1718
1720
1722
1724
1726
1728
1725
1728
1731
1734
1730
1732
1734
1736
1738
1740
1737
1740
1743
1746
1742
1744
1746
1748
1750
1752
1749
1752
1755
1758
1754
1756
1761
1758
1760
1764
1762
1764
1766
1768
1770
1767
1770
1773
1776
1772
1774
1776
1778
1780
1782
1779
1782
1785
1788
1784
1786
1788
1790
1792
1794
1791
1794
1797
1800
1796
1798
1800
1802
1804
1806
1803
1806
1809
1812
1808
1815
1810
1818
1812
1814
1816
1818
1820
1822
1824
1821
1824
1827
1830
1826
1828
1830
1832
1834
1836
1833
1836
1839
1842
1838
1840
1842
1844
1846
1848
1845
1848
1851
1854
1850
1852
1857
1854
1856
1860
1858
1860
1862
1864
1866
1863
1866
1869
1872
1868
1870
1872
1874
1876
1878
1875
1878
1881
1884
1880
1882
1884
1886
1888
1890
1887
1890
1893
1896
1892
1894
1896
1898
1900
1899
1902
1902
1905
1904
1908
1906
1908
1910
1912
1914
1911
1914
1917
1920
1916
1918
1920
1922
1924
1926
1923
1926
1929
1932
1928
1930
1932
1934
1936
1938
1935
1938
1941
1944
1940
1942
1944
1946
1948
1947
1950
1950
1953
1956
1959
1952
1962
1954
1956
1958
1960
1962
1964
1966
1968
1965
1968
1971
1974
1970
1972
1974
1976
1978
1980
1977
1980
1983
1986
1982
1984
1989
1986
1992
1988
1990
1992
1994
1996
1998
1995
1998
2001
2004
2000
2002
2004
2006
2008
2010
2007
2010
2013
2016
2012
2014
2016
2018
2020
2022
2019
2022
2025
2028
2024
2026
2028
2030
2032
2031
2034
2034
2036
2038
2037
2040
2040
2043
2042
2044
2046
2046
2048
2050
2052
2049
2052
2055
2058
2054
2056
2058
2060
2062
2064
2061
2064
2067
2070
2066
2068
2070
2072
2074
2076
2073
2076
2079
2082
2078
2080
2085
2082
2084
2088
2086
2088
2090
2092
2094
2091
2094
2097
2100
2096
2098
2100
2102
2104
2106
2103
2106
2109
2112
2108
2110
2112
2114
2116
2118
2115
2118
2121
2124
2120
2122
2127
2130
2124
2126
2128
2130
2132
2134
2136
2133
2136
2139
2142
2138
2140
2142
2144
2146
2148
2145
2148
2151
2154
2150
2152
2154
2156
2158
2157
2160
2160
2162
2163
2164
2166
2166
2169
2168
2170
2172
2172
2174
2176
2178
2175
2178
2181
2184
2180
2182
2184
2186
2188
2190
2187
2190
2193
2196
2192
2194
2196
2198
2200
2202
2199
2202
2205
2208
2204
2206
2208
2210
2212
2214
2211
2214
2217
2220
2223
2216
2218
2226
2220
2222
2224
2226
2228
2230
2232
2229
2232
2235
2238
2234
2236
2238
2240
2242
2244
2241
2244
2247
2250
2246
2248
2250
2252
2254
2253
2256
2256
2259
2262
2258
2265
2260
2268
2262
2264
2266
2268
2270
2272
2274
2271
2274
2277
2280
2276
2278
2280
2282
2284
2283
2286
2286
2288
2289
2290
2292
2292
2294
2296
2298
2295
2298
2301
2304
2300
2302
2304
2306
2308
2310
2307
2310
2313
2316
2312
2314
2316
2318
2320
2322
2319
2322
2325
2328
2324
2326
2328
2330
2332
2331
2334
2334
2337
2336
2340
2338
2340
2342
2344
2346
2343
2346
2349
2352
2348
2350
2352
2354
2356
2358
2355
2358
2361
2364
2360
2362
2364
2366
2368
2370
2367
2370
2373
2376
2372
2374
2376
2378
2380
2382
2379
2382
2385
2388
2391
2384
2386
2394
2388
2390
2392
2394
2396
2398
2400
2397
2400
2403
2406
2402
2404
2406
2408
2410
2412
2409
2412
2415
2418
2414
2416
2421
2424
2418
2420
2422
2424
2426
2428
2430
2427
2430
2433
2436
2432
2434
2436
2438
2440
2442
2439
2442
2445
2448
2444
2446
2448
2450
2452
2454
2451
2454
2457
2460
2456
2458
2460
2462
2464
2466
2463
2466
2469
2472
2475
2468
2478
2470
2472
2474
2476
2478
2480
2482
2484
2481
2484
2487
2490
2486
2488
2490
2492
2494
2496
2493
2496
2499
2502
2498
2500
2502
2504
2506
2508
2505
2508
2511
2514
2517
2510
2512
2520
2514
2516
2518
2520
2522
2524
2526
2523
2526
2529
2532
2528
2530
2532
2534
2536
2538
2535
2538
2541
2544
2540
2542
2544
2546
2548
2550
2547
2550
2553
2556
2552
2554
2556
2558
2559
2560
2562
2562
2564
2565
2566
2568
2568
2570
2572
2574
2571
2574
2577
2580
2576
2578
2580
2582
2584
2586
2583
2586
2589
2592
2588
2590
2592
2594
2596
2598
2595
2598
2601
2604
2600
2602
2604
2606
2608
2607
2610
2610
2613
2616
2612
2614
2616
2618
2620
2622
2619
2622
2625
2628
2624
2626
2628
2630
2632
2634
2631
2634
2637
2640
2636
2638
2640
2642
2644
2646
2643
2646
2649
2652
2648
2650
2652
2655
2654
2656
2658
2658
2660
2661
2662
2664
2664
2666
2668
2670
2667
2670
2673
2676
2672
2674
2676
2678
2680
2682
2679
2682
2685
2688
2684
2686
2688
2690
2692
2694
2691
2694
2697
2700
2703
2696
2706
2698
2700
2702
2704
2706
2708
2710
2712
2709
2712
2715
2718
2714
2716
2718
2720
2722
2724
2721
2724
2727
2730
2726
2728
2730
2732
2734
2736
2733
2736
2739
2742
2738
2740
2742
2744
2745
2746
2748
2748
2751
2750
2754
2752
2754
2756
2758
2760
2757
2760
2763
2766
2762
2764
2766
2768
2770
2772
2769
2772
2775
2778
2774
2776
2778
2780
2782
2784
2781
2784
2787
2790
2786
2788
2793
2796
2790
2792
2794
2796
2798
2800
2802
2799
2802
2805
2808
2804
2806
2808
2810
2812
2814
2811
2814
2817
2820
2816
2818
2820
2822
2824
2823
2826
2826
2828
2829
2830
2832
2832
2835
2834
2836
2838
2838
2840
2842
2844
2841
2844
2847
2850
2846
2848
2850
2852
2854
2856
2853
2856
2859
2862
2858
2860
2862
2864
2866
2868
2865
2868
2871
2874
2870
2872
2877
2874
2876
2878
2880
2880
2882
2884
2886
2883
2886
2889
2892
2888
2890
2892
2894
2896
2898
2895
2898
2901
2904
2900
2902
2904
2906
2908
2910
2907
2910
2913
2916
2912
2914
2916
2918
2920
2922
2919
2922
2925
2928
2931
2924
2926
2934
2928
2930
2932
2934
2936
2938
2940
2937
2940
2943
2946
2942
2944
2946
2948
2950
2952
2949
2952
2955
2958
2954
2956
2958
2960
2962
2964
2961
2964
2967
2970
2966
2968
2973
2970
2972
2974
2976
2976
2978
2979
2980
2982
2982
2984
2986
2988
2985
2988
2991
2994
2997
2990
2992
3000
2994
2996
2998
3000
3002
3004
3006
3003
3006
3009
3012
3008
3010
3012
3014
3016
3018
3015
3018
3021
3024
3020
3022
3024
3026
3028
3030
3027
3030
3033
3036
3032
3034
3039
3036
3042
3038
3040
3042
3044
3046
3048
3045
3048
3051
3054
3050
3052
3054
3056
3058
3060
3057
3060
3063
3066
3062
3064
3066
3068
3070
3072
3069
3072
3075
3078
3074
3076
3081
3078
3080
3084
3082
3084
3086
3088
3090
3087
3090
3093
3096
3092
3094
3096
3098
3100
3102
3099
3102
3105
3108
3104
3106
3108
3110
3112
3114
3111
3114
3117
3120
3116
3118
3123
3120
3122
3126
3124
3126
3128
3130
3132
3129
3132
3135
3138
3134
3136
3138
3140
3142
3144
3141
3144
3147
3150
3146
3148
3150
3152
3154
3156
3153
3156
3159
3162
3158
3160
3165
3162
3164
3168
3166
3168
3170
3172
3174
3171
3174
3177
3180
3176
3178
3180
3182
3184
3186
3183
3186
3189
3192
3188
3190
3192
3194
3196
3198
3195
3198
3201
3204
3200
3202
3207
3204
3210
3206
3208
3210
3212
3214
3216
3213
3216
3219
3222
3218
3220
3222
3224
3226
3228
3225
3228
3231
3234
3230
3232
3234
3236
3238
3240
3237
3240
3243
3246
3242
3244
3246
3248
3250
3249
3252
3252
3255
3258
3254
3256
3261
3258
3260
3264
3262
3264
3266
3268
3270
3267
3270
3273
3276
3272
3274
3276
3278
3280
3282
3279
3282
3285
3288
3284
3286
3288
3290
3292
3294
3291
3294
3297
3300
3296
3298
3303
3300
3306
3302
3304
3306
3308
3310
3312
3309
3312
3315
3318
3314
3316
3318
3320
3322
3324
3321
3324
3327
3330
3326
3328
3330
3332
3334
3336
3333
3336
3339
3342
3338
3340
3342
3344
3346
3345
3348
3348
3350
3351
3352
3354
3354
3356
3357
3358
3360
3360
3362
3364
3363
3366
3366
3369
3372
3368
3370
3372
3374
3375
3376
3378
3378
3381
3380
3382
3384
3384
3387
3386
3388
3390
3390
3392
3394
3396
3393
3396
3399
3402
3398
3400
3402
3404
3406
3408
3405
3408
3411
3414
3410
3412
3414
3416
3418
3420
3417
3420
3423
3426
3422
3424
3426
3428
3430
3429
3432
3432
3435
3438
3434
3436
3438
3440
3442
3444
3441
3444
3447
3450
3446
3453
3448
3456
3450
3452
3454
3456
3458
3460
3462
3459
3462
3465
3468
3464
3466
3468
3470
3472
3474
3471
3474
3477
3480
3476
3478
3480
3482
3484
3483
3486
3486
3489
3492
3488
3490
3492
3494
3496
3498
3495
3498
3501
3504
3500
3502
3504
3506
3508
3510
3507
3510
3513
3516
3512
3514
3519
3522
3516
3518
3520
3522
3524
3526
3528
3525
3528
3531
3534
3530
3532
3534
3536
3538
3540
3537
3540
3543
3546
3542
3544
3546
3548
3550
3549
3552
3552
3554
3555
3556
3558
3558
3560
3562
3564
3561
3564
3567
3570
3566
3568
3570
3572
3574
3576
3573
3576
3579
3582
3578
3580
3582
3584
3586
3588
3585
3588
3591
3594
3590
3592
3597
3594
3596
3598
3600
3600
3603
3606
3602
3604
3606
3608
3610
3612
3609
3612
3615
3618
3614
3616
3618
3620
3622
3624
3621
3624
3627
3630
3626
3628
3630
3632
3634
3633
3636
3636
3639
3642
3638
3640
3645
3642
3648
3644
3646
3648
3650
3652
3654
3651
3654
3657
3660
3656
3658
3660
3662
3664
3666
3663
3666
3669
3672
3668
3670
3672
3674
3676
3678
3675
3678
3681
3684
3680
3682
3687
3684
3686
3690
3688
3690
3692
3694
3696
3693
3696
3699
3702
3698
3700
3702
3704
3706
3708
3705
3708
3711
3714
3710
3712
3714
3716
3718
3720
3717
3720
3723
3726
3722
3724
3729
3726
3728
3732
3730
3732
3734
3736
3738
3735
3738
3741
3744
3740
3742
3744
3746
3748
3750
3747
3750
3753
3756
3752
3754
3756
3758
3760
3762
3759
3762
3765
3768
3764
3766
3768
3770
3772
3774
3771
3774
3777
3780
3783
3776
3786
3778
3780
3782
3784
3786
3788
3790
3792
3789
3792
3795
3798
3794
3796
3798
3800
3802
3804
3801
3804
3807
3810
3806
3808
3810
3812
3814
3816
3813
3816
3819
3822
3825
3818
3828
3820
3822
3824
3826
3828
3830
3832
3834
3831
3834
3837
3840
3836
3838
3840
3842
3844
3846
3843
3846
3849
3852
3848
3850
3852
3854
3856
3858
3855
3858
3861
3864
3860
3867
3862
3870
3864
3866
3868
3870
3872
3874
3876
3873
3876
3879
3882
3878
3880
3882
3884
3886
3888
3885
3888
3891
3894
3890
3892
3894
3896
3898
3897
3900
3900
3903
3906
3902
3909
3904
3912
3906
3908
3910
3912
3914
3916
3918
3915
3918
3921
3924
3920
3922
3924
3926
3928
3930
3927
3930
3933
3936
3932
3934
3936
3938
3940
3939
3942
3942
3945
3948
3944
3946
3951
3948
3954
3950
3952
3954
3956
3958
3960
3957
3960
3963
3966
3962
3964
3966
3968
3970
3972
3969
3972
3975
3978
3974
3976
3978
3980
3982
3984
3981
3984
3987
3990
3993
3986
3988
3996
3990
3992
3994
3996
3998
4000
4002
3999
4002
4005
4008
4004
4006
4008
4010
4012
4014
4011
4014
4017
4020
4016
4018
4020
4023
4022
4024
4026
4026
4028
4030
4032
4029
4032
4035
4038
4034
4036
4038
4040
4042
4044
4041
4044
4047
4050
4046
4048
4053
4056
4050
4052
4054
4056
4058
4060
4062
4059
4062
4065
4068
4064
4066
4068
4070
4072
4074
4071
4074
4077
4080
4076
4078
4080
4082
4083
4084
4086
4086
4089
4092
4088
4090
4092
4094
4096
4098
4095
4098
4101
4104
4100
4102
4104
4106
4108
4110
4107
4110
4113
4116
4112
4114
4119
4116
4118
4122
4120
4122
4124
4126
4128
4125
4128
4131
4134
4130
4132
4134
4136
4138
4140
4137
4140
4143
4146
4142
4144
4146
4148
4150
4152
4149
4152
4155
4158
4154
4156
4161
4158
4160
4164
4162
4164
4166
4168
4170
4167
4170
4173
4176
4172
4174
4176
4178
4180
4182
4179
4182
4185
4188
4184
4186
4188
4190
4192
4194
4191
4194
4197
4200
4196
4198
4200
4202
4204
4203
4206
4206
4208
4209
4210
4212
4212
4214
4216
4218
4215
4218
4221
4224
4220
4222
4224
4226
4228
4230
4227
4230
4233
4236
4232
4234
4236
4238
4240
4239
4242
4242
4245
4248
4244
4246
4251
4248
4250
4254
4252
4254
4256
4258
4260
4257
4260
4263
4266
4262
4264
4266
4268
4270
4272
4269
4272
4275
4278
4274
4276
4278
4280
4282
4284
4281
4284
4287
4290
4286
4288
4290
4292
4294
4293
4296
4296
4298
4299
4300
4302
4302
4304
4306
4305
4308
4308
4311
4314
4317
4310
4320
4312
4314
4316
4318
4320
4322
4324
4326
4323
4326
4329
4332
4328
4330
4332
4334
4336
4338
4335
4338
4341
4344
4340
4342
4344
4346
4348
4347
4350
4350
4353
4352
4356
4354
4356
4358
4360
4362
4359
4362
4365
4368
4364
4366
4368
4370
4372
4374
4371
4374
4377
4380
4376
4378
4380
4382
4384
4386
4383
4386
4389
4392
4388
4390
4395
4392
4394
4396
4398
4398
4400
4402
4404
4401
4404
4407
4410
4406
4408
4410
4412
4414
4416
4413
4416
4419
4422
4418
4420
4422
4424
4426
4428
4425
4428
4431
4434
4430
4432
4437
4434
4436
4440
4438
4440
4442
4444
4446
4443
4446
4449
4452
4448
4450
4452
4454
4456
4458
4455
4458
4461
4464
4460
4462
4464
4466
4468
4470
4467
4470
4473
4476
4472
4474
4479
4476
4482
4478
4480
4482
4484
4486
4488
4485
4488
4491
4494
4490
4492
4494
4496
4498
4500
4497
4500
4503
4506
4502
4504
4506
4508
4510
4512
4509
4512
4515
4518
4514
4516
4521
4518
4520
4524
4522
4524
4526
4528
4530
4527
4530
4533
4536
4532
4534
4536
4538
4540
4542
4539
4542
4545
4548
4544
4546
4548
4550
4552
4554
4551
4554
4557
4560
4556
4558
4563
4560
4562
4566
4564
4566
4568
4570
4572
4569
4572
4575
4578
4574
4576
4578
4580
4582
4584
4581
4584
4587
4590
4586
4588
4590
4592
4594
4596
4593
4596
4599
4602
4598
4600
4605
4602
4604
4608
4606
4608
4610
4612
4614
4611
4614
4617
4620
4616
4618
4620
4622
4624
4626
4623
4626
4629
4632
4628
4630
4632
4634
4636
4638
4635
4638
4641
4644
4640
4642
4644
4646
4648
4647
4650
4650
4653
4656
4652
4654
4659
4656
4658
4660
4662
4662
4665
4664
4666
4668
4668
4670
4672
4674
4671
4674
4677
4680
4676
4678
4680
4682
4684
4686
4683
4686
4689
4692
4688
4690
4692
4694
4696
4698
4695
4698
4701
4704
4700
4702
4707
4704
4706
4710
4708
4710
4712
4714
4716
4713
4716
4719
4722
4718
4720
4722
4724
4726
4728
4725
4728
4731
4734
4730
4732
4734
4736
4738
4740
4737
4740
4743
4746
4742
4744
4746
4748
4750
4749
4752
4752
4755
4758
4754
4761
4756
4764
4758
4760
4762
4764
4766
4768
4770
4767
4770
4773
4776
4772
4774
4776
4778
4780
4782
4779
4782
4785
4788
4784
4786
4788
4790
4792
4791
4794
4794
4797
4800
4796
4798
4803
4800
4802
4806
4804
4806
4808
4810
4812
4809
4812
4815
4818
4814
4816
4818
4820
4822
4824
4821
4824
4827
4830
4826
4828
4830
4832
4834
4836
4833
4836
4839
4842
4838
4840
4845
4842
4844
4848
4846
4848
4850
4852
4854
4851
4854
4857
4860
4856
4858
4860
4862
4864
4866
4863
4866
4869
4872
4868
4870
4872
4874
4876
4878
4875
4878
4881
4884
4880
4882
4887
4884
4886
4890
4888
4890
4892
4894
4896
4893
4896
4899
4902
4898
4900
4902
4904
4906
4908
4905
4908
4911
4914
4910
4912
4914
4916
4918
4917
4920
4920
4923
4926
4922
4924
4929
4926
4928
4930
4932
4932
4934
4935
4936
4938
4938
4940
4942
4944
4941
4944
4947
4950
4946
4948
4950
4952
4954
4956
4953
4956
4959
4962
4958
4960
4962
4964
4966
4968
4965
4968
4971
4974
4970
4972
4977
4974
4976
4980
4978
4980
4982
4984
4986
4983
4986
4989
4992
4988
4990
4992
4994
4996
4998
4995
4998
5001
5004
5000
5002
5004
5006
5008
5010
5007
5010
5013
5016
5019
5012
5014
5022
5016
5018
5020
5022
5024
5026
5028
5025
5028
5031
5034
5030
5032
5034
5036
5038
5040
5037
5040
5043
5046
5042
5044
5046
5048
5050
5049
5052
5052
5055
5058
5054
5056
5061
5058
5060
5062
5064
5064
5066
5068
5070
5067
5070
5073
5076
5072
5074
5076
5078
5080
5082
5079
5082
5085
5088
5084
5086
5088
5090
5092
5094
5091
5094
5097
5100
5096
5098
5103
5100
5102
5104
5106
5106
5108
5110
5112
5109
5112
5115
5118
5114
5116
5118
5120
5122
5124
5121
5124
5127
5130
5126
5128
5130
5132
5134
5136
5133
5136
5139
5142
5138
5140
5142
5144
5146
5145
5148
5148
5151
5154
5150
5152
5157
5154
5160
5156
5158
5160
5162
5164
5166
5163
5166
5169
5172
5168
5170
5172
5174
5176
5178
5175
5178
5181
5184
5180
5182
5184
5186
5188
5187
5190
5190
5193
5196
5199
5192
5194
5196
5202
5198
5200
5202
5204
5206
5208
5205
5208
5211
5214
5210
5212
5214
5216
5218
5220
5217
5220
5223
5226
5222
5224
5226
5228
5230
5232
5229
5232
5235
5238
5234
5236
5241
5238
5240
5244
5242
5244
5246
5248
5250
5247
5250
5253
5256
5252
5254
5256
5258
5260
5262
5259
5262
5265
5268
5264
5266
5268
5270
5272
5274
5271
5274
5277
5280
5276
5278
5283
5280
5282
5286
5284
5286
5288
5290
5292
5289
5292
5295
5298
5294
5296
5298
5300
5302
5304
5301
5304
5307
5310
5306
5308
5310
5312
5314
5316
5313
5316
5319
5322
5318
5320
5322
5324
5326
5328
5325
5328
5331
5334
5330
5337
5332
5340
5334
5336
5338
5340
5342
5344
5346
5343
5346
5349
5352
5348
5350
5352
5354
5356
5358
5355
5358
5361
5364
5360
5362
5364
5366
5368
5370
5367
5370
5373
5376
5372
5374
5379
5376
5378
5382
5380
5382
5384
5386
5388
5385
5388
5391
5394
5390
5392
5394
5396
5398
5400
5397
5400
5403
5406
5402
5404
5406
5408
5410
5412
5409
5412
5415
5418
5414
5416
5418
5420
5422
5421
5424
5424
5427
5430
5433
5426
5436
5428
5430
5432
5434
5436
5438
5440
5442
5439
5442
5445
5448
5444
5446
5448
5450
5452
5454
5451
5454
5457
5460
5456
5458
5460
5462
5464
5466
5463
5466
5469
5472
5468
5470
5475
5472
5478
5474
5476
5478
5480
5482
5484
5481
5484
5487
5490
5486
5488
5490
5492
5494
5496
5493
5496
5499
5502
5498
5500
5502
5504
5506
5508
5505
5508
5511
5514
5510
5512
5517
5514
5520
5516
5518
5520
5522
5524
5526
5523
5526
5529
5532
5528
5530
5532
5534
5536
5538
5535
5538
5541
5544
5540
5542
5544
5546
5548
5550
5547
5550
5553
5556
5552
5554
5559
5556
5558
5562
5560
5562
5564
5566
5568
5565
5568
5571
5574
5570
5572
5574
5576
5578
5580
5577
5580
5583
5586
5582
5584
5586
5588
5590
5592
5589
5592
5595
5598
5594
5596
5601
5598
5600
5604
5602
5604
5606
5608
5610
5607
5610
5613
5616
5612
5614
5616
5618
5620
5622
5619
5622
5625
5628
5624
5626
5628
5630
5632
5634
5631
5634
5637
5640
5636
5638
5643
5640
5642
5646
5644
5646
5648
5650
5652
5649
5652
5655
5658
5654
5656
5658
5660
5662
5664
5661
5664
5667
5670
5666
5668
5670
5672
5674
5676
5673
5676
5679
5682
5678
5680
5685
5682
5684
5686
5688
5688
5691
5690
5694
5692
5694
5696
5698
5700
5697
5700
5703
5706
5702
5704
5706
5708
5710
5712
5709
5712
5715
5718
5714
5716
5718
5720
5722
5724
5721
5724
5727
5730
5726
5728
5730
5732
5734
5736
5733
5736
5739
5742
5745
5738
5740
5748
5742
5744
5746
5748
5750
5752
5754
5751
5754
5757
5760
5756
5758
5760
5762
5764
5766
5763
5766
5769
5772
5768
5770
5772
5774
5776
5778
5775
5778
5781
5784
5780
5782
5787
5784
5790
5786
5788
5790
5792
5794
5796
5793
5796
5799
5802
5798
5800
5802
5804
5806
5808
5805
5808
5811
5814
5810
5812
5814
5816
5818
5820
5817
5820
5823
5826
5822
5824
5829
5826
5828
5830
5832
5832
5834
5836
5838
5835
5838
5841
5844
5840
5842
5844
5846
5848
5850
5847
5850
5853
5856
5852
5854
5856
5858
5860
5862
5859
5862
5865
5868
5864
5866
5868
5870
5872
5871
5874
5874
5877
5880
5883
5876
5886
5878
5880
5882
5884
5886
5888
5890
5892
5889
5892
5895
5898
5894
5896
5898
5900
5902
5904
5901
5904
5907
5910
5906
5908
5910
5912
5914
5916
5913
5916
5919
5922
5918
5920
5925
5922
5924
5926
5928
5928
5931
5930
5934
5932
5934
5936
5938
5940
5937
5940
5943
5946
5942
5944
5946
5948
5950
5952
5949
5952
5955
5958
5954
5956
5958
5960
5962
5964
5961
5964
5967
5970
5966
5968
5973
5970
5972
5976
5974
5976
5978
5980
5982
5979
5982
5985
5988
5984
5986
5988
5990
5992
5994
5991
5994
5997
6000
5996
5998
6000
6002
6004
6006
6003
6006
6009
6012
6008
6010
6015
6012
6014
6016
6018
6018
6020
6022
6024
6021
6024
6027
6030
6026
6028
6030
6032
6034
6036
6033
6036
6039
6042
6038
6040
6042
6044
6046
6048
6045
6048
6051
6054
6050
6052
6054
6056
6057
6058
6060
6060
6062
6063
6064
6066
6066
6069
6068
6072
6070
6072
6074
6076
6078
6075
6078
6081
6084
6080
6082
6084
6086
6088
6090
6087
6090
6093
6096
6092
6094
6096
6098
6100
6102
6099
6102
6105
6108
6104
6106
6108
6110
6112
6114
6111
6114
6117
6120
6116
6123
6118
6126
6120
6122
6124
6126
6128
6130
6132
6129
6132
6135
6138
6134
6136
6138
6140
6142
6144
6141
6144
6147
6150
6146
6148
6150
6152
6154
6156
6153
6156
6159
6162
6158
6160
6162
6165
6164
6166
6168
6168
6170
6172
6174
6171
6174
6177
6180
6176
6178
6180
6182
6184
6186
6183
6186
6189
6192
6188
6190
6192
6194
6196
6198
6195
6198
6201
6204
6200
6202
6207
6204
6206
6208
6210
6210
6212
6214
6216
6213
6216
6219
6222
6218
6220
6222
6224
6226
6228
6225
6228
6231
6234
6230
6232
6234
6236
6238
6240
6237
6240
6243
6246
6242
6244
6246
6248
6249
6250
6252
6252
6255
6254
6256
6258
6258
6260
6262
6264
6261
6264
6267
6270
6266
6268
6270
6272
6274
6276
6273
6276
6279
6282
6278
6280
6282
6284
6286
6288
6285
6288
6291
6294
6290
6292
6294
6296
6298
6297
6300
6300
6303
6306
6302
6309
6304
6312
6306
6308
6310
6312
6314
6316
6318
6315
6318
6321
6324
6320
6322
6324
6326
6328
6330
6327
6330
6333
6336
6332
6334
6336
6338
6340
6339
6342
6342
6345
6344
6346
6348
6348
6350
6352
6354
6351
6354
6357
6360
6356
6358
6360
6362
6364
6366
6363
6366
6369
6372
6368
6370
6372
6374
6376
6378
6375
6378
6381
6384
6380
6382
6384
6386
6388
6390
6387
6390
6393
6396
6392
6399
6394
6402
6396
6398
6400
6402
6404
6406
6408
6405
6408
6411
6414
6410
6412
6414
6416
6418
6420
6417
6420
6423
6426
6422
6424
6426
6428
6430
6429
6432
6432
6435
6438
6434
6436
6441
6438
6440
6442
6444
6444
6446
6448
6447
6450
6450
6453
6456
6452
6454
6459
6456
6458
6462
6460
6462
6464
6466
6468
6465
6468
6471
6474
6470
6472
6474
6476
6478
6480
6477
6480
6483
6486
6482
6484
6486
6488
6490
6492
6489
6492
6495
6498
6494
6496
6498
6500
6502
6501
6504
6504
6506
6507
6508
6510
6510
6512
6514
6516
6513
6516
6519
6522
6518
6520
6522
6524
6526
6528
6525
6528
6531
6534
6530
6532
6534
6536
6538
6540
6537
6540
6543
6546
6542
6544
6549
6546
6548
6552
6550
6552
6554
6556
6558
6555
6558
6561
6564
6560
6562
6564
6566
6568
6570
6567
6570
6573
6576
6572
6574
6576
6578
6580
6582
6579
6582
6585
6588
6584
6586
6588
6590
6592
6591
6594
6594
6597
6600
6596
6598
6603
6600
6602
6606
6604
6606
6608
6610
6612
6609
6612
6615
6618
6614
6616
6618
6620
6622
6624
6621
6624
6627
6630
6626
6628
6630
6632
6634
6636
6633
6636
6639
6642
6638
6640
6642
6645
6644
6646
6648
6648
6651
6650
6652
6654
6654
6656
6658
6660
6657
6660
6663
6666
6662
6664
6666
6668
6670
6672
6669
6672
6675
6678
6674
6676
6678
6680
6682
6684
6681
6684
6687
6690
6686
6688
6690
6692
6694
6693
6696
6696
6699
6698
6700
6702
6702
6704
6706
6708
6705
6708
6711
6714
6710
6712
6714
6716
6718
6720
6717
6720
6723
6726
6722
6724
6729
6726
6732
6728
6730
6732
6734
6736
6738
6735
6738
6741
6744
6740
6742
6744
6746
6748
6747
6750
6750
6752
6753
6754
6756
6756
6758
6760
6762
6759
6762
6765
6768
6764
6766
6768
6770
6772
6774
6771
6774
6777
6780
6776
6778
6780
6782
6783
6784
6786
6786
6788
6789
6790
6792
6792
6794
6796
6798
6795
6798
6801
6804
6800
6802
6804
6806
6808
6810
6807
6810
6813
6816
6812
6814
6816
6818
6820
6822
6819
6822
6825
6828
6824
6826
6831
6828
6834
6830
6832
6834
6836
6838
6840
6837
6840
6843
6846
6842
6844
6846
6848
6850
6852
6849
6852
6855
6858
6854
6856
6858
6860
6862
6861
6864
6864
6867
6870
6873
6866
6876
6868
6870
6872
6874
6876
6878
6880
6882
6879
6882
6885
6888
6884
6886
6888
6890
6892
6894
6891
6894
6897
6900
6896
6898
6900
6903
6902
6904
6906
6906
6908
6910
6912
6909
6912
6915
6918
6914
6916
6918
6920
6922
6924
6921
6924
6927
6930
6926
6928
6930
6932
6934
6936
6933
6936
6939
6942
6938
6940
6942
6944
6945
6946
6948
6948
6951
6954
6950
6952
6954
6956
6958
6960
6957
6960
6963
6966
6962
6964
6966
6968
6970
6972
6969
6972
6975
6978
6974
6976
6981
6978
6980
6984
6982
6984
6986
6988
6990
6987
6990
6993
6996
6992
6994
6996
6998
7000
7002
6999
7002
7005
7008
7004
7006
7008
7010
7012
7014
7011
7014
7017
7020
7016
7018
7020
7022
7024
7026
7023
7026
7029
7032
7028
7035
7030
7038
7032
7034
7036
7038
7040
7042
7044
7041
7044
7047
7050
7046
7048
7050
7053
7052
7054
7056
7056
7059
7058
7060
7062
7062
7064
7066
7068
7065
7068
7071
7074
7070
7072
7074
7076
7078
7080
7077
7080
7083
7086
7082
7084
7086
7088
7090
7092
7089
7092
7095
7098
7094
7096
7098
7100
7102
7101
7104
7104
7107
7110
7106
7113
7108
7116
7110
7112
7114
7116
7118
7120
7122
7119
7122
7125
7128
7124
7126
7128
7130
7132
7134
7131
7134
7137
7140
7136
7138
7140
7142
7144
7143
7146
7146
7149
7148
7150
7152
7152
7154
7156
7158
7155
7158
7161
7164
7160
7162
7164
7166
7168
7170
7167
7170
7173
7176
7172
7174
7179
7176
7182
7178
7180
7182
7184
7186
7188
7185
7188
7191
7194
7190
7192
7194
7196
7198
7200
7197
7200
7203
7206
7202
7204
7206
7208
7210
7209
7212
7212
7214
7215
7216
7218
7218
7220
7221
7222
7224
7224
7227
7226
7230
7228
7230
7232
7234
7236
7233
7236
7239
7242
7238
7240
7242
7244
7246
7248
7245
7248
7251
7254
7250
7252
7254
7256
7258
7260
7257
7260
7263
7266
7262
7269
7264
7272
7266
7268
7270
7272
7274
7276
7278
7275
7278
7281
7284
7280
7282
7284
7286
7288
7290
7287
7290
7293
7296
7292
7294
7296
7298
7300
7302
7299
7302
7305
7308
7304
7306
7311
7308
7314
7310
7312
7314
7316
7318
7320
7317
7320
7323
7326
7322
7324
7326
7328
7330
7332
7329
7332
7335
7338
7334
7336
7338
7340
7342
7341
7344
7344
7347
7346
7348
7350
7350
7352
7354
7356
7353
7356
7359
7362
7358
7360
7362
7364
7366
7368
7365
7368
7371
7374
7370
7372
7374
7376
7378
7380
7377
7380
7383
7386
7382
7389
7384
7392
7386
7388
7390
7392
7394
7396
7398
7395
7398
7401
7404
7400
7402
7404
7406
7408
7410
7407
7410
7413
7416
7412
7414
7419
7416
7418
7422
7420
7422
7424
7426
7428
7425
7428
7431
7434
7430
7432
7434
7436
7438
7440
7437
7440
7443
7446
7442
7444
7446
7448
7450
7449
7452
7452
7455
7458
7454
7456
7461
7458
7460
7464
7462
7464
7466
7468
7470
7467
7470
7473
7476
7472
7474
7476
7478
7480
7482
7479
7482
7485
7488
7484
7486
7488
7490
7492
7491
7494
7494
7497
7500
7503
7496
7498
7506
7500
7502
7504
7506
7508
7510
7512
7509
7512
7515
7518
7514
7516
7518
7520
7522
7524
7521
7524
7527
7530
7526
7528
7530
7532
7534
7536
7533
7536
7539
7542
7538
7540
7545
7542
7544
7548
7546
7548
7550
7552
7554
7551
7554
7557
7560
7556
7558
7560
7562
7564
7566
7563
7566
7569
7572
7568
7570
7572
7574
7576
7578
7575
7578
7581
7584
7580
7582
7584
7586
7587
7588
7590
7590
7592
7594
7596
7593
7596
7599
7602
7598
7600
7602
7604
7606
7608
7605
7608
7611
7614
7610
7612
7614
7616
7618
7617
7620
7620
7623
7626
7629
7622
7624
7632
7626
7628
7630
7632
7634
7636
7638
7635
7638
7641
7644
7640
7642
7644
7646
7648
7650
7647
7650
7653
7656
7652
7654
7656
7658
7660
7662
7659
7662
7665
7668
7664
7666
7671
7668
7670
7672
7674
7674
7676
7678
7680
7677
7680
7683
7686
7682
7684
7686
7688
7690
7692
7689
7692
7695
7698
7694
7696
7698
7700
7702
7704
7701
7704
7707
7710
7706
7708
7710
7712
7714
7713
7716
7716
7719
7718
7720
7722
7722
7724
7726
7728
7725
7728
7731
7734
7730
7732
7734
7736
7738
7740
7737
7740
7743
7746
7742
7744
7746
7749
7748
7750
7752
7752
7754
7756
7758
7755
7758
7761
7764
7760
7762
7764
7766
7768
7770
7767
7770
7773
7776
7772
7774
7776
7778
7780
7779
7782
7782
7784
7785
7786
7788
7788
7790
7791
7792
7794
7794
7797
7796
7800
7798
7800
7802
7804
7806
7803
7806
7809
7812
7808
7810
7812
7814
7816
7818
7815
7818
7821
7824
7820
7822
7824
7826
7828
7827
7830
7830
7833
7832
7836
7834
7836
7838
7840
7842
7839
7842
7845
7848
7844
7846
7848
7850
7852
7854
7851
7854
7857
7860
7856
7858
7860
7862
7864
7866
7863
7866
7869
7872
7875
7868
7878
7870
7872
7874
7876
7878
7880
7882
7884
7881
7884
7887
7890
7886
7888
7890
7892
7894
7896
7893
7896
7899
7902
7898
7900
7905
7902
7904
7906
7908
7908
7911
7910
7912
7914
7914
7916
7918
7920
7917
7920
7923
7926
7922
7924
7926
7928
7930
7932
7929
7932
7935
7938
7934
7936
7938
7940
7942
7941
7944
7944
7947
7950
7953
7946
7948
7956
7950
7952
7954
7956
7958
7960
7962
7959
7962
7965
7968
7964
7966
7968
7970
7972
7974
7971
7974
7977
7980
7976
7983
7978
7986
7980
7982
7984
7986
7988
7990
7992
7989
7992
7995
7998
7994
7996
7998
8000
8002
8004
8001
8004
8007
8010
8006
8008
8010
8012
8014
8013
8016
8016
8019
8022
8018
8025
8020
8022
8028
8024
8026
8028
8030
8032
8034
8031
8034
8037
8040
8036
8038
8040
8042
8044
8046
8043
8046
8049
8052
8048
8050
8052
8054
8056
8058
8055
8058
8061
8064
8060
8062
8067
8064
8070
8066
8068
8070
8072
8074
8076
8073
8076
8079
8082
8078
8080
8082
8084
8086
8088
8085
8088
8091
8094
8090
8092
8094
8096
8098
8100
8097
8100
8103
8106
8102
8104
8109
8106
8112
8108
8110
8112
8114
8116
8118
8115
8118
8121
8124
8120
8122
8124
8126
8128
8130
8127
8130
8133
8136
8132
8134
8136
8138
8140
8139
8142
8142
8145
8144
8146
8148
8148
8150
8151
8152
8154
8154
8156
8157
8158
8160
8160
8162
8163
8164
8166
8166
8169
8172
8168
8170
8172
8174
8176
8178
8175
8178
8181
8184
8180
8182
8184
8186
8188
8190
8187
8190
8193
8196
8192
8194
8196
8198
8200
8199
8202
8202
8205
8208
8204
8206
8211
8208
8210
8214
8212
8214
8216
8218
8220
8217
8220
8223
8226
8222
8224
8226
8228
8230
8232
8229
8232
8235
8238
8234
8236
8238
8240
8242
8244
8241
8244
8247
8250
8246
8248
8253
8250
8252
8256
8254
8256
8258
8260
8262
8259
8262
8265
8268
8264
8266
8268
8270
8272
8274
8271
8274
8277
8280
8276
8278
8280
8282
8284
8286
8283
8286
8289
8292
8295
8288
8290
8298
8292
8294
8296
8298
8300
8302
8304
8301
8304
8307
8310
8306
8308
8310
8312
8314
8316
8313
8316
8319
8322
8318
8320
8322
8324
8326
8325
8328
8328
8331
8330
8332
8334
8334
8337
8336
8338
8340
8340
8342
8344
8346
8343
8346
8349
8352
8348
8350
8352
8354
8356
8358
8355
8358
8361
8364
8360
8362
8364
8366
8368
8370
8367
8370
8373
8376
8372
8374
8379
8376
8378
8380
8382
8382
8384
8386
8388
8385
8388
8391
8394
8390
8392
8394
8396
8398
8400
8397
8400
8403
8406
8402
8404
8406
8408
8409
8410
8412
8412
8414
8416
8418
8415
8418
8421
8424
8420
8422
8424
8426
8428
8430
8427
8430
8433
8436
8432
8434
8436
8438
8440
8439
8442
8442
8445
8448
8451
8444
8446
8454
8448
8450
8452
8454
8456
8458
8460
8457
8460
8463
8466
8462
8464
8466
8468
8470
8472
8469
8472
8475
8478
8474
8476
8478
8480
8482
8481
8484
8484
8487
8490
8486
8488
8493
8490
8496
8492
8494
8496
8498
8500
8502
8499
8502
8505
8508
8504
8506
8508
8510
8512
8514
8511
8514
8517
8520
8516
8518
8520
8522
8524
8523
8526
8526
8529
8532
8528
8530
8535
8532
8534
8538
8536
8538
8540
8542
8544
8541
8544
8547
8550
8546
8548
8550
8552
8554
8556
8553
8556
8559
8562
8558
8560
8562
8564
8566
8568
8565
8568
8571
8574
8570
8572
8574
8576
8578
8577
8580
8580
8583
8586
8582
8589
8584
8592
8586
8588
8590
8592
8594
8596
8598
8595
8598
8601
8604
8600
8602
8604
8606
8608
8610
8607
8610
8613
8616
8612
8614
8616
8618
8620
8619
8622
8622
8625
8628
8624
8626
8631
8628
8634
8630
8632
8634
8636
8638
8640
8637
8640
8643
8646
8642
8644
8646
8648
8650
8652
8649
8652
8655
8658
8654
8656
8658
8660
8662
8661
8664
8664
8666
8667
8668
8670
8670
8672
8674
8676
8673
8676
8679
8682
8678
8680
8682
8684
8686
8688
8685
8688
8691
8694
8690
8692
8694
8696
8698
8700
8697
8700
8703
8706
8702
8704
8706
8708
8710
8712
8709
8712
8715
8718
8714
8721
8716
8724
8718
8720
8722
8724
8726
8728
8730
8727
8730
8733
8736
8732
8734
8736
8738
8740
8742
8739
8742
8745
8748
8744
8746
8748
8750
8752
8754
8751
8754
8757
8760
8756
8758
8763
8760
8762
8766
8764
8766
8768
8770
8772
8769
8772
8775
8778
8774
8776
8778
8780
8782
8784
8781
8784
8787
8790
8786
8788
8790
8792
8794
8793
8796
8796
8799
8802
8805
8798
8800
8808
8802
8804
8806
8808
8810
8812
8814
8811
8814
8817
8820
8816
8818
8820
8822
8824
8826
8823
8826
8829
8832
8828
8830
8832
8834
8836
8835
8838
8838
8841
8844
8840
8842
8847
8844
8846
8850
8848
8850
8852
8854
8856
8853
8856
8859
8862
8858
8860
8862
8864
8866
8868
8865
8868
8871
8874
8870
8872
8874
8876
8878
8880
8877
8880
8883
8886
8882
8884
8889
8886
8888
8892
8890
8892
8894
8896
8898
8895
8898
8901
8904
8900
8902
8904
8906
8908
8910
8907
8910
8913
8916
8912
8914
8919
8916
8918
8922
8920
8922
8924
8926
8928
8925
8928
8931
8934
8930
8932
8934
8936
8938
8940
8937
8940
8943
8946
8942
8944
8946
8948
8950
8952
8949
8952
8955
8958
8954
8956
8958
8960
8962
8961
8964
8964
8967
8966
8970
8968
8970
8972
8974
8976
8973
8976
8979
8982
8978
8980
8982
8984
8986
8988
8985
8988
8991
8994
8990
8992
8994
8996
8998
9000
8997
9000
9003
9006
9002
9004
9009
9006
9008
9012
9010
9012
9014
9016
9018
9015
9018
9021
9024
9020
9022
9024
9026
9028
9030
9027
9030
9033
9036
9032
9034
9036
9038
9040
9042
9039
9042
9045
9048
9044
9046
9051
9048
9050
9052
9054
9054
9057
9060
9056
9058
9060
9062
9064
9066
9063
9066
9069
9072
9068
9070
9072
9074
9076
9078
9075
9078
9081
9084
9080
9082
9084
9086
9088
9087
9090
9090
9093
9096
9092
9094
9099
9096
9102
9098
9100
9102
9104
9106
9108
9105
9108
9111
9114
9110
9112
9114
9116
9118
9120
9117
9120
9123
9126
9122
9124
9126
9128
9130
9129
9132
9132
9135
9138
9134
9141
9136
9144
9138
9140
9142
9144
9146
9148
9150
9147
9150
9153
9156
9152
9154
9156
9158
9160
9162
9159
9162
9165
9168
9164
9166
9168
9170
9172
9171
9174
9174
9177
9176
9178
9180
9180
9182
9184
9186
9183
9186
9189
9192
9188
9190
9192
9194
9196
9198
9195
9198
9201
9204
9200
9202
9204
9206
9208
9210
9207
9210
9213
9216
9212
9214
9216
9218
9220
9219
9222
9222
9225
9228
9231
9224
9234
9226
9228
9230
9232
9234
9236
9238
9240
9237
9240
9243
9246
9242
9244
9246
9248
9250
9252
9249
9252
9255
9258
9254
9256
9258
9260
9262
9261
9264
9264
9267
9270
9266
9268
9273
9270
9272
9276
9274
9276
9278
9280
9282
9279
9282
9285
9288
9284
9286
9288
9290
9292
9294
9291
9294
9297
9300
9296
9298
9300
9302
9304
9306
9303
9306
9309
9312
9315
9308
9310
9318
9312
9314
9316
9318
9320
9322
9324
9321
9324
9327
9330
9326
9328
9330
9332
9334
9336
9333
9336
9339
9342
9338
9340
9345
9348
9342
9344
9346
9348
9350
9352
9354
9351
9354
9357
9360
9356
9358
9360
9362
9364
9366
9363
9366
9369
9372
9368
9370
9372
9374
9376
9375
9378
9378
9381
9384
9387
9380
9382
9390
9384
9386
9388
9390
9392
9394
9396
9393
9396
9399
9402
9398
9400
9402
9404
9406
9408
9405
9408
9411
9414
9410
9412
9417
9414
9416
9418
9420
9420
9423
9426
9422
9424
9426
9428
9430
9432
9429
9432
9435
9438
9434
9436
9438
9440
9442
9444
9441
9444
9447
9450
9446
9448
9450
9452
9454
9453
9456
9456
9459
9462
9458
9465
9460
9468
9462
9464
9466
9468
9470
9472
9474
9471
9474
9477
9480
9476
9478
9480
9482
9484
9486
9483
9486
9489
9492
9488
9490
9492
9494
9496
9495
9498
9498
9501
9504
9500
9502
9507
9510
9504
9506
9508
9510
9512
9514
9516
9513
9516
9519
9522
9518
9520
9522
9524
9526
9528
9525
9528
9531
9534
9530
9532
9537
9534
9536
9538
9540
9540
9542
9543
9544
9546
9546
9549
9552
9548
9550
9552
9554
9556
9558
9555
9558
9561
9564
9560
9562
9564
9566
9568
9570
9567
9570
9573
9576
9572
9574
9579
9576
9578
9580
9582
9582
9585
9588
9584
9586
9588
9590
9592
9594
9591
9594
9597
9600
9596
9598
9600
9602
9604
9606
9603
9606
9609
9612
9608
9610
9612
9614
9616
9615
9618
9618
9621
9624
9620
9627
9622
9630
9624
9626
9628
9630
9632
9634
9636
9633
9636
9639
9642
9638
9640
9642
9644
9646
9648
9645
9648
9651
9654
9650
9652
9657
9654
9660
9656
9658
9660
9662
9664
9666
9663
9666
9669
9672
9668
9670
9672
9674
9676
9678
9675
9678
9681
9684
9680
9682
9684
9686
9688
9690
9687
9690
9693
9696
9699
9692
9694
9702
9696
9698
9700
9702
9704
9706
9708
9705
9708
9711
9714
9710
9712
9714
9716
9718
9720
9717
9720
9723
9726
9722
9724
9726
9728
9730
9729
9732
9732
9735
9734
9736
9738
9738
9741
9740
9742
9744
9744
9746
9748
9750
9747
9750
9753
9756
9752
9754
9756
9758
9760
9762
9759
9762
9765
9768
9764
9766
9768
9770
9772
9771
9774
9774
9777
9780
9776
9783
9778
9786
9780
9782
9784
9786
9788
9790
9792
9789
9792
9795
9798
9794
9796
9798
9800
9802
9804
9801
9804
9807
9810
9806
9808
9810
9812
9814
9813
9816
9816
9819
9822
9818
9825
9820
9828
9822
9824
9826
9828
9830
9832
9834
9831
9834
9837
9840
9836
9838
9840
9842
9844
9846
9843
9846
9849
9852
9848
9850
9855
9852
9854
9856
9858
9858
9860
9861
9862
9864
9864
9866
9868
9870
9867
9870
9873
9876
9872
9874
9876
9878
9880
9882
9879
9882
9885
9888
9884
9886
9888
9890
9891
9892
9894
9894
9896
9898
9900
9897
9900
9903
9906
9902
9904
9906
9908
9910
9912
9909
9912
9915
9918
9914
9916
9918
9920
9922
9921
9924
9924
9927
9930
9926
9928
9933
9930
9932
9934
9936
9936
9938
9940
9942
9939
9942
9945
9948
9944
9946
9948
9950
9952
9954
9951
9954
9957
9960
9956
9958
9960
9962
9964
9966
9963
9966
9969
9972
9968
9970
9975
9972
9974
9978
9976
9978
9980
9982
9984
9981
9984
9987
9990
9986
9988
9990
9992
9994
9996
9993
9996
9999
10002
9998
10000
10002
10004
10006
10008
10005
10008
10011
10014
10010
10012
10017
10014
10016
10018
10020
10020
10022
10024
10026
10023
10026
10029
10032
10028
10030
10032
10034
10036
10038
10035
10038
10041
10044
10040
10042
10044
10046
10048
10050
10047
10050
10053
10056
10052
10054
10059
10056
10058
10060
10062
10062
10064
10066
10068
10065
10068
10071
10074
10070
10072
10074
10076
10078
10080
10077
10080
10083
10086
10082
10084
10086
10088
10090
10089
10092
10092
10095
10098
10094
10101
10096
10104
10098
10100
10102
10104
10106
10108
10110
10107
10110
10113
10116
10112
10114
10116
10118
10120
10122
10119
10122
10125
10128
10124
10126
10128
10130
10132
10131
10134
10134
10137
10140
10136
10138
10143
10140
10142
10146
10144
10146
10148
10150
10152
10149
10152
10155
10158
10154
10156
10158
10160
10162
10164
10161
10164
10167
10170
10166
10168
10170
10172
10174
10176
10173
10176
10179
10182
10178
10180
10185
10188
10182
10184
10186
10188
10190
10192
10194
10191
10194
10197
10200
10196
10198
10200
10202
10204
10206
10203
10206
10209
10212
10208
10210
10212
10214
10216
10215
10218
10218
10221
10224
10220
10222
10227
10224
10226
10228
10230
10230
10232
10234
10236
10233
10236
10239
10242
10238
10240
10242
10244
10246
10248
10245
10248
10251
10254
10250
10252
10254
10256
10258
10260
10257
10260
10263
10266
10262
10264
10269
10266
10268
10270
10272
10272
10274
10275
10276
10278
10278
10281
10280
10282
10284
10284
10287
10290
10286
10288
10290
10292
10294
10296
10293
10296
10299
10302
10298
10300
10302
10304
10306
10308
10305
10308
10311
10314
10310
10312
10314
10316
10318
10317
10320
10320
10323
10326
10322
10324
10329
10326
10332
10328
10330
10332
10334
10336
10338
10335
10338
10341
10344
10340
10342
10344
10346
10348
10350
10347
10350
10353
10356
10352
10354
10356
10358
10360
10362
10359
10362
10365
10368
10364
10366
10371
10368
10370
10372
10374
10374
10377
10376
10378
10380
10380
10383
10382
10384
10386
10386
10388
10389
10390
10392
10392
10395
10394
10396
10398
10398
10400
10402
10404
10401
10404
10407
10410
10406
10408
10410
10412
10414
10416
10413
10416
10419
10422
10418
10420
10422
10424
10426
10428
10425
10428
10431
10434
10430
10432
10434
10436
10438
10437
10440
10440
10443
10446
10442
10449
10444
10452
10446
10448
10450
10452
10454
10456
10458
10455
10458
10461
10464
10460
10462
10464
10466
10468
10470
10467
10470
10473
10476
10472
10474
10476
10478
10480
10479
10482
10482
10485
10488
10484
10486
10491
10488
10490
10494
10492
10494
10496
10498
10500
10497
10500
10503
10506
10502
10504
10506
10508
10510
10512
10509
10512
10515
10518
10514
10516
10518
10520
10522
10524
10521
10524
10527
10530
10526
10528
10533
10530
10532
10534
10536
10536
10538
10540
10542
10539
10542
10545
10548
10544
10546
10548
10550
10552
10554
10551
10554
10557
10560
10556
10558
10560
10562
10564
10566
10563
10566
10569
10572
10568
10570
10575
10572
10574
10578
10576
10578
10580
10582
10584
10581
10584
10587
10590
10586
10588
10590
10592
10594
10596
10593
10596
10599
10602
10598
10600
10602
10604
10606
10608
10605
10608
10611
10614
10610
10612
10617
10614
10616
10618
10620
10620
10622
10624
10626
10623
10626
10629
10632
10628
10630
10632
10634
10636
10638
10635
10638
10641
10644
10640
10642
10644
10646
10648
10650
10647
10650
10653
10656
10652
10654
10659
10656
10662
10658
10660
10662
10664
10666
10668
10665
10668
10671
10674
10670
10672
10674
10676
10678
10680
10677
10680
10683
10686
10682
10684
10686
10688
10690
10689
10692
10692
10695
10698
10694
10696
10701
10698
10700
10702
10704
10704
10706
10708
10710
10707
10710
10713
10716
10712
10714
10716
10718
10720
10722
10719
10722
10725
10728
10724
10726
10728
10730
10732
10734
10731
10734
10737
10740
10736
10738
10743
10740
10742
10746
10744
10746
10748
10750
10752
10749
10752
10755
10758
10754
10756
10758
10760
10762
10764
10761
10764
10767
10770
10766
10768
10770
10772
10774
10773
10776
10776
10779
10782
10778
10785
10780
10788
10782
10784
10786
10788
10790
10792
10794
10791
10794
10797
10800
10796
10798
10800
10802
10804
10806
10803
10806
10809
10812
10815
10808
10810
10818
10812
10814
10816
10818
10820
10822
10824
10821
10824
10827
10830
10826
10828
10830
10832
10834
10836
10833
10836
10839
10842
10838
10840
10842
10844
10846
10845
10848
10848
10851
10850
10852
10854
10854
10856
10858
10860
10857
10860
10863
10866
10862
10864
10866
10868
10870
10872
10869
10872
10875
10878
10874
10876
10878
10880
10882
10884
10881
10884
10887
10890
10886
10888
10890
10892
10894
10893
10896
10896
10898
10900
10899
10902
10902
10905
10908
10904
10906
10911
10914
10908
10910
10912
10914
10916
10918
10920
10917
10920
10923
10926
10922
10924
10926
10928
10930
10929
10932
10932
10935
10934
10938
10936
10938
10940
10942
10944
10941
10944
10947
10950
10946
10948
10950
10952
10954
10956
10953
10956
10959
10962
10958
10960
10962
10964
10966
10965
10968
10968
10971
10970
10974
10972
10974
10976
10978
10980
10977
10980
10983
10986
10982
10984
10986
10988
10990
10992
10989
10992
10995
10998
10994
10996
10998
11000
11002
11004
11001
11004
11007
11010
11013
11006
11008
11016
11010
11012
11014
11016
11018
11020
11022
11019
11022
11025
11028
11024
11026
11028
11030
11032
11034
11031
11034
11037
11040
11036
11038
11040
11042
11044
11043
11046
11046
11048
11049
11050
11052
11052
11055
11058
11054
11056
11058
11060
11062
11064
11061
11064
11067
11070
11066
11068
11070
11072
11074
11076
11073
11076
11079
11082
11078
11080
11082
11085
11084
11086
11088
11088
11090
11092
11094
11091
11094
11097
11100
11096
11098
11100
11102
11104
11106
11103
11106
11109
11112
11108
11110
11112
11114
11116
11118
11115
11118
11121
11124
11120
11122
11124
11126
11127
11128
11130
11130
11133
11132
11134
11136
11136
11138
11140
11142
11139
11142
11145
11148
11144
11146
11148
11150
11152
11154
11151
11154
11157
11160
11156
11158
11160
11162
11164
11166
11163
11166
11169
11172
11168
11170
11172
11174
11176
11178
11175
11178
11181
11184
11180
11187
11182
11184
11190
11186
11188
11190
11192
11194
11196
11193
11196
11199
11202
11198
11200
11202
11204
11206
11208
11205
11208
11211
11214
11210
11212
11214
11216
11218
11220
11217
11220
11223
11226
11222
11224
11229
11226
11232
11228
11230
11232
11234
11236
11238
11235
11238
11241
11244
11240
11242
11244
11246
11248
11250
11247
11250
11253
11256
11252
11254
11256
11258
11260
11262
11259
11262
11265
11268
11264
11266
11271
11268
11270
11274
11272
11274
11276
11278
11280
11277
11280
11283
11286
11282
11284
11286
11288
11290
11292
11289
11292
11295
11298
11294
11296
11298
11300
11302
11304
11301
11304
11307
11310
11306
11308
11313
11310
11312
11314
11316
11316
11319
11318
11322
11320
11322
11324
11326
11328
11325
11328
11331
11334
11330
11332
11334
11336
11338
11340
11337
11340
11343
11346
11342
11344
11346
11348
11349
11350
11352
11352
11354
11356
11358
11355
11358
11361
11364
11360
11362
11364
11366
11368
11370
11367
11370
11373
11376
11379
11372
11374
11382
11376
11378
11380
11382
11384
11386
11388
11385
11388
11391
11394
11390
11392
11394
11396
11398
11400
11397
11400
11403
11406
11402
11404
11409
11406
11408
11410
11412
11412
11415
11414
11416
11418
11418
11420
11422
11424
11421
11424
11427
11430
11426
11428
11430
11432
11434
11436
11433
11436
11439
11442
11438
11440
11442
11444
11446
11445
11448
11448
11451
11454
11457
11450
11460
11452
11454
11456
11458
11460
11462
11464
11466
11463
11466
11469
11472
11468
11470
11472
11474
11476
11478
11475
11478
11481
11484
11480
11482
11487
11490
11484
11486
11488
11490
11492
11494
11496
11493
11496
11499
11502
11498
11500
11502
11504
11506
11508
11505
11508
11511
11514
11517
11510
11512
11520
11514
11516
11518
11520
11522
11524
11526
11523
11526
11529
11532
11528
11530
11532
11534
11536
11538
11535
11538
11541
11544
11540
11542
11544
11546
11548
11550
11547
11550
11553
11556
11552
11554
11559
11556
11558
11560
11562
11562
11564
11566
11568
11565
11568
11571
11574
11570
11572
11574
11576
11578
11580
11577
11580
11583
11586
11582
11584
11586
11588
11590
11592
11589
11592
11595
11598
11594
11596
11601
11598
11600
11604
11602
11604
11606
11608
11610
11607
11610
11613
11616
11612
11614
11616
11618
11620
11622
11619
11622
11625
11628
11624
11626
11628
11630
11632
11634
11631
11634
11637
11640
11643
11636
11638
11640
11646
11642
11644
11646
11648
11650
11652
11649
11652
11655
11658
11654
11656
11658
11660
11662
11664
11661
11664
11667
11670
11666
11668
11670
11672
11673
11674
11676
11676
11678
11680
11682
11679
11682
11685
11688
11684
11686
11688
11690
11692
11694
11691
11694
11697
11700
11696
11698
11700
11702
11704
11703
11706
11706
11709
11708
11712
11710
11712
11714
11716
11718
11715
11718
11721
11724
11720
11722
11724
11726
11728
11730
11727
11730
11733
11736
11732
11734
11736
11738
11740
11742
11739
11742
11745
11748
11744
11746
11751
11748
11750
11754
11752
11754
11756
11758
11760
11757
11760
11763
11766
11762
11764
11766
11768
11770
11772
11769
11772
11775
11778
11774
11776
11778
11780
11782
11784
11781
11784
11787
11790
11786
11788
11790
11792
11794
11793
11796
11796
11799
11802
11805
11798
11808
11800
11802
11804
11806
11808
11810
11812
11814
11811
11814
11817
11820
11816
11818
11820
11822
11824
11826
11823
11826
11829
11832
11828
11830
11832
11834
11836
11835
11838
11838
11841
11844
11840
11842
11847
11844
11846
11850
11848
11850
11852
11854
11856
11853
11856
11859
11862
11858
11860
11862
11864
11866
11868
11865
11868
11871
11874
11870
11872
11874
11876
11878
11880
11877
11880
11883
11886
11882
11884
11889
11886
11888
11892
11890
11892
11894
11896
11898
11895
11898
11901
11904
11900
11902
11904
11906
11908
11910
11907
11910
11913
11916
11912
11914
11916
11918
11920
11919
11922
11922
11925
11928
11931
11924
11926
11934
11928
11930
11932
11934
11936
11938
11940
11937
11940
11943
11946
11942
11944
11946
11948
11950
11952
11949
11952
11955
11958
11954
11956
11958
11960
11962
11961
11964
11964
11966
11967
11968
11970
11970
11972
11974
11976
11973
11976
11979
11982
11978
11980
11982
11984
11986
11988
11985
11988
11991
11994
11990
11992
11994
11996
11998
12000
11997
12000
12003
12006
12002
12004
12006
12008
12010
12009
12012
12012
12014
12015
12016
12018
12018
12020
12022
12024
12021
12024
12027
12030
12026
12028
12030
12032
12034
12036
12033
12036
12039
12042
12038
12040
12042
12044
12046
12048
12045
12048
12051
12054
12050
12052
12057
12054
12060
12056
12058
12060
12062
12064
12066
12063
12066
12069
12072
12068
12070
12072
12074
12076
12078
12075
12078
12081
12084
12080
12082
12084
12086
12088
12090
12087
12090
12093
12096
12092
12094
12099
12096
12098
12102
12100
12102
12104
12106
12108
12105
12108
12111
12114
12110
12112
12114
12116
12118
12120
12117
12120
12123
12126
12122
12124
12126
12128
12130
12129
12132
12132
12135
12138
12134
12141
12136
12144
12138
12140
12142
12144
12146
12148
12150
12147
12150
12153
12156
12152
12154
12156
12158
12160
12162
12159
12162
12165
12168
12164
12166
12168
12170
12172
12171
12174
12174
12176
12177
12178
12180
12180
12183
12186
12189
12192
12195
12198
12201
12204
12207
12210
12213
12216
12219
12222
12225
12228
12231
12234
12237
12240
12243
12246
12249
12252
12255
12258
12261
12264
12267
12270
12273
12276
12279
12282
12285
12288
12291
12294
12297
12300
12303
12306
12309
12312
12315
12318
12321
12324
12327
12330
12333
12336
12339
12342
12345
12348
12351
12354
12357
12360
12363
12366
12369
12372
12375
12378
12381
12384
12387
12390
12393
12396
12399
12402
12405
12408
12411
12414
12417
12420
12423
12426
12429
12432
12435
12438
12441
12444
12447
12450
12453
12456
12459
12462
